# Observation: The PCA was giving results just based on the order of the variables. It is not a reliable measure.

       HURS      HUSS       PSL       TAS       CLT     ZG500       VAS       UAS
0  1.057911  0.301797  1.030312 -1.064969 -0.836742 -1.122158  0.495824 -0.050761
1  0.854905  0.118427  1.232391 -1.021348  0.000052 -0.863771  0.652836 -0.554840
2  1.203055  0.421142  1.261554 -1.064481 -0.431390 -0.932804  0.171372 -0.380590
3  0.811264  0.055554  1.303786 -1.012123 -0.233354 -1.124437  0.327804 -0.559819
4  0.902470  0.023213  1.251375 -1.147630 -1.051412 -1.421249  0.218302 -0.788210

        CLT       UAS     ZG500       TAS      HURS       PSL      HUSS       VAS
0 -0.836742 -0.050761 -1.122158 -1.064969  1.057911  1.030312  0.301797  0.495824
1  0.000052 -0.554840 -0.863771 -1.021348  0.854905  1.232391  0.118427  0.652836
2 -0.431390 -0.380590 -0.932804 -1.064481  1.203055  1.261554  0.421142  0.171372
3 -0.233354 -0.559819 -1.124437 -1.012123  0.811264  1.303786  0.055554  0.327804
4 -1.051412 -0.788210 -1.421249 -1.147630  0.902470  1.251375  0.023213  0.218302

CLT        0.3993354137270458
UAS        0.31769764215853646
ZG500      0.1187005013828119
TAS        0.0811415259530214
HURS       0.04398175640107459
PSL        0.025752729636932363
HUSS       0.011632845389840302
VAS        0.0017575853507371246

        UAS       CLT       PSL       TAS      HUSS     ZG500      HURS       VAS
0 -0.050761 -0.836742  1.030312 -1.064969  0.301797 -1.122158  1.057911  0.495824
1 -0.554840  0.000052  1.232391 -1.021348  0.118427 -0.863771  0.854905  0.652836
2 -0.380590 -0.431390  1.261554 -1.064481  0.421142 -0.932804  1.203055  0.171372
3 -0.559819 -0.233354  1.303786 -1.012123  0.055554 -1.124437  0.811264  0.327804
4 -0.788210 -1.051412  1.251375 -1.147630  0.023213 -1.421249  0.902470  0.218302

UAS        0.3993354137270465
CLT        0.31769764215853613
PSL        0.11870050138281181
TAS        0.0811415259530211
HUSS       0.04398175640107455
ZG500      0.025752729636932335
HURS       0.011632845389840303
VAS        0.0017575853507371246

        UAS       PSL      HURS       VAS       CLT       TAS     ZG500      HUSS
0 -0.050761  1.030312  1.057911  0.495824 -0.836742 -1.064969 -1.122158  0.301797
1 -0.554840  1.232391  0.854905  0.652836  0.000052 -1.021348 -0.863771  0.118427
2 -0.380590  1.261554  1.203055  0.171372 -0.431390 -1.064481 -0.932804  0.421142
3 -0.559819  1.303786  0.811264  0.327804 -0.233354 -1.012123 -1.124437  0.055554
4 -0.788210  1.251375  0.902470  0.218302 -1.051412 -1.147630 -1.421249  0.023213

UAS        0.3993354137270466
PSL        0.31769764215853613
HURS       0.1187005013828115
VAS        0.0811415259530212
CLT        0.04398175640107456
TAS        0.025752729636932373
ZG500      0.01163284538984027
HUSS       0.0017575853507371274

        TAS     ZG500       PSL      HURS       UAS       CLT       VAS      HUSS
0 -1.064969 -1.122158  1.030312  1.057911 -0.050761 -0.836742  0.495824  0.301797
1 -1.021348 -0.863771  1.232391  0.854905 -0.554840  0.000052  0.652836  0.118427
2 -1.064481 -0.932804  1.261554  1.203055 -0.380590 -0.431390  0.171372  0.421142
3 -1.012123 -1.124437  1.303786  0.811264 -0.559819 -0.233354  0.327804  0.055554
4 -1.147630 -1.421249  1.251375  0.902470 -0.788210 -1.051412  0.218302  0.023213

TAS        0.3993354137270459
ZG500      0.3176976421585367
PSL        0.11870050138281173
HURS       0.0811415259530213
UAS        0.043981756401074594
CLT        0.025752729636932387
VAS        0.011632845389840319
HUSS       0.0017575853507371222

       HUSS       TAS       CLT       PSL      HURS     ZG500       UAS       VAS
0  0.301797 -1.064969 -0.836742  1.030312  1.057911 -1.122158 -0.050761  0.495824
1  0.118427 -1.021348  0.000052  1.232391  0.854905 -0.863771 -0.554840  0.652836
2  0.421142 -1.064481 -0.431390  1.261554  1.203055 -0.932804 -0.380590  0.171372
3  0.055554 -1.012123 -0.233354  1.303786  0.811264 -1.124437 -0.559819  0.327804
4  0.023213 -1.147630 -1.051412  1.251375  0.902470 -1.421249 -0.788210  0.218302

HUSS       0.3993354137270461
TAS        0.31769764215853663
CLT        0.11870050138281155
PSL        0.08114152595302128
HURS       0.04398175640107459
ZG500      0.025752729636932384
UAS        0.011632845389840288
VAS        0.0017575853507371267

        VAS       TAS      HURS       CLT       UAS      HUSS       PSL     ZG500
0  0.495824 -1.064969  1.057911 -0.836742 -0.050761  0.301797  1.030312 -1.122158
1  0.652836 -1.021348  0.854905  0.000052 -0.554840  0.118427  1.232391 -0.863771
2  0.171372 -1.064481  1.203055 -0.431390 -0.380590  0.421142  1.261554 -0.932804
3  0.327804 -1.012123  0.811264 -0.233354 -0.559819  0.055554  1.303786 -1.124437
4  0.218302 -1.147630  0.902470 -1.051412 -0.788210  0.023213  1.251375 -1.421249

VAS        0.3993354137270463
TAS        0.3176976421585361
HURS       0.11870050138281196
CLT        0.08114152595302139
UAS        0.04398175640107456
HUSS       0.025752729636932384
PSL        0.011632845389840284
ZG500      0.0017575853507371243

        VAS       UAS       TAS      HURS       PSL     ZG500      HUSS       CLT
0  0.495824 -0.050761 -1.064969  1.057911  1.030312 -1.122158  0.301797 -0.836742
1  0.652836 -0.554840 -1.021348  0.854905  1.232391 -0.863771  0.118427  0.000052
2  0.171372 -0.380590 -1.064481  1.203055  1.261554 -0.932804  0.421142 -0.431390
3  0.327804 -0.559819 -1.012123  0.811264  1.303786 -1.124437  0.055554 -0.233354
4  0.218302 -0.788210 -1.147630  0.902470  1.251375 -1.421249  0.023213 -1.051412

VAS        0.39933541372704606
UAS        0.3176976421585362
TAS        0.11870050138281199
HURS       0.08114152595302136
PSL        0.04398175640107458
ZG500      0.025752729636932346
HUSS       0.01163284538984028
CLT        0.0017575853507371278

        VAS      HURS       CLT       PSL      HUSS       UAS     ZG500       TAS
0  0.495824  1.057911 -0.836742  1.030312  0.301797 -0.050761 -1.122158 -1.064969
1  0.652836  0.854905  0.000052  1.232391  0.118427 -0.554840 -0.863771 -1.021348
2  0.171372  1.203055 -0.431390  1.261554  0.421142 -0.380590 -0.932804 -1.064481
3  0.327804  0.811264 -0.233354  1.303786  0.055554 -0.559819 -1.124437 -1.012123
4  0.218302  0.902470 -1.051412  1.251375  0.023213 -0.788210 -1.421249 -1.147630

VAS        0.399335413727046
HURS       0.31769764215853624
CLT        0.11870050138281193
PSL        0.08114152595302133
HUSS       0.04398175640107468
UAS        0.025752729636932377
ZG500      0.011632845389840274
TAS        0.001757585350737124

        VAS       PSL     ZG500       CLT       TAS      HURS      HUSS       UAS
0  0.495824  1.030312 -1.122158 -0.836742 -1.064969  1.057911  0.301797 -0.050761
1  0.652836  1.232391 -0.863771  0.000052 -1.021348  0.854905  0.118427 -0.554840
2  0.171372  1.261554 -0.932804 -0.431390 -1.064481  1.203055  0.421142 -0.380590
3  0.327804  1.303786 -1.124437 -0.233354 -1.012123  0.811264  0.055554 -0.559819
4  0.218302  1.251375 -1.421249 -1.051412 -1.147630  0.902470  0.023213 -0.788210

VAS        0.3993354137270462
PSL        0.31769764215853624
ZG500      0.11870050138281199
CLT        0.08114152595302129
TAS        0.04398175640107459
HURS       0.025752729636932356
HUSS       0.011632845389840298
UAS        0.0017575853507371285

       HUSS       VAS       CLT     ZG500       TAS       PSL      HURS       UAS
0  0.301797  0.495824 -0.836742 -1.122158 -1.064969  1.030312  1.057911 -0.050761
1  0.118427  0.652836  0.000052 -0.863771 -1.021348  1.232391  0.854905 -0.554840
2  0.421142  0.171372 -0.431390 -0.932804 -1.064481  1.261554  1.203055 -0.380590
3  0.055554  0.327804 -0.233354 -1.124437 -1.012123  1.303786  0.811264 -0.559819
4  0.023213  0.218302 -1.051412 -1.421249 -1.147630  1.251375  0.902470 -0.788210

HUSS       0.39933541372704584
VAS        0.3176976421585367
CLT        0.11870050138281181
ZG500      0.08114152595302122
TAS        0.043981756401074566
PSL        0.025752729636932356
HURS       0.011632845389840314
UAS        0.0017575853507371246

>>>