# Observation: The PCA was giving results just based on the order of the variables. It is not a reliable measure.

        HURS      HUSS          PSL         TAS        CLT        ZG500       VAS       UAS
0  62.281250  0.010988  101261.1875  296.348877  15.167236  5838.835938  0.991211  1.083984
1  59.046875  0.010331  101353.0000  296.523193  44.335938  5845.035156  1.255859 -0.498047
2  64.593750  0.011416  101366.2500  296.350830  29.296875  5843.378906  0.444336  0.048828
3  58.351562  0.010106  101385.4375  296.560059  36.199951  5838.781250  0.708008 -0.513672
4  59.804688  0.009990  101361.6250  296.018555   7.684326  5831.660156  0.523438 -1.230469

         CLT      HUSS        ZG500       HURS       VAS       UAS          PSL         TAS
0  15.167236  0.010988  5838.835938  62.281250  0.991211  1.083984  101261.1875  296.348877
1  44.335938  0.010331  5845.035156  59.046875  1.255859 -0.498047  101353.0000  296.523193
2  29.296875  0.011416  5843.378906  64.593750  0.444336  0.048828  101366.2500  296.350830
3  36.199951  0.010106  5838.781250  58.351562  0.708008 -0.513672  101385.4375  296.560059
4   7.684326  0.009990  5831.660156  59.804688  0.523438 -1.230469  101361.6250  296.018555

CLT        0.9912968979976681
HUSS       0.006075972390144646
ZG500      0.0020001923670252843
HURS       0.0005881165947506016
VAS        1.7617231181333335e-05
UAS        1.275118901297625e-05
PSL        8.452228140270013e-06
TAS        2.076844013882862e-12

       HUSS        ZG500          PSL       HURS        CLT       UAS       VAS         TAS
0  0.010988  5838.835938  101261.1875  62.281250  15.167236  1.083984  0.991211  296.348877
1  0.010331  5845.035156  101353.0000  59.046875  44.335938 -0.498047  1.255859  296.523193
2  0.011416  5843.378906  101366.2500  64.593750  29.296875  0.048828  0.444336  296.350830
3  0.010106  5838.781250  101385.4375  58.351562  36.199951 -0.513672  0.708008  296.560059
4  0.009990  5831.660156  101361.6250  59.804688   7.684326 -1.230469  0.523438  296.018555

HUSS       0.9912968979976681
ZG500      0.006075972390144649
PSL        0.0020001923670252882
HURS       0.0005881165947505989
CLT        1.7617231181333335e-05
UAS        1.2751189012976234e-05
VAS        8.45222814027e-06
TAS        2.0768440139103734e-12

          TAS       UAS        CLT        ZG500       VAS          PSL       HURS      HUSS
0  296.348877  1.083984  15.167236  5838.835938  0.991211  101261.1875  62.281250  0.010988
1  296.523193 -0.498047  44.335938  5845.035156  1.255859  101353.0000  59.046875  0.010331
2  296.350830  0.048828  29.296875  5843.378906  0.444336  101366.2500  64.593750  0.011416
3  296.560059 -0.513672  36.199951  5838.781250  0.708008  101385.4375  58.351562  0.010106
4  296.018555 -1.230469   7.684326  5831.660156  0.523438  101361.6250  59.804688  0.009990

TAS        0.9912968979976681
UAS        0.006075972390144645
CLT        0.0020001923670252917
ZG500      0.0005881165947506016
VAS        1.7617231181333392e-05
PSL        1.2751189012976454e-05
HURS       8.45222814027002e-06
HUSS       2.0768440139103782e-12

         CLT         TAS        ZG500       VAS       UAS          PSL      HUSS       HURS
0  15.167236  296.348877  5838.835938  0.991211  1.083984  101261.1875  0.010988  62.281250
1  44.335938  296.523193  5845.035156  1.255859 -0.498047  101353.0000  0.010331  59.046875
2  29.296875  296.350830  5843.378906  0.444336  0.048828  101366.2500  0.011416  64.593750
3  36.199951  296.560059  5838.781250  0.708008 -0.513672  101385.4375  0.010106  58.351562
4   7.684326  296.018555  5831.660156  0.523438 -1.230469  101361.6250  0.009990  59.804688

CLT        0.9912968979976681
TAS        0.006075972390144646
ZG500      0.0020001923670252874
VAS        0.0005881165947505996
UAS        1.761723118133318e-05
PSL        1.275118901297632e-05
HUSS       8.452228140269974e-06
HURS       2.076844013910511e-12

           PSL        CLT       UAS      HUSS       VAS         TAS        ZG500       HURS
0  101261.1875  15.167236  1.083984  0.010988  0.991211  296.348877  5838.835938  62.281250
1  101353.0000  44.335938 -0.498047  0.010331  1.255859  296.523193  5845.035156  59.046875
2  101366.2500  29.296875  0.048828  0.011416  0.444336  296.350830  5843.378906  64.593750
3  101385.4375  36.199951 -0.513672  0.010106  0.708008  296.560059  5838.781250  58.351562
4  101361.6250   7.684326 -1.230469  0.009990  0.523438  296.018555  5831.660156  59.804688

PSL        0.9912968979976681
CLT        0.006075972390144645
UAS        0.0020001923670252856
HUSS       0.0005881165947506003
VAS        1.7617231181333328e-05
TAS        1.275118901297623e-05
ZG500      8.452228140270006e-06
HURS       2.076844013910454e-12

         ZG500          PSL        CLT       UAS       HURS         TAS       VAS      HUSS
0  5838.835938  101261.1875  15.167236  1.083984  62.281250  296.348877  0.991211  0.010988
1  5845.035156  101353.0000  44.335938 -0.498047  59.046875  296.523193  1.255859  0.010331
2  5843.378906  101366.2500  29.296875  0.048828  64.593750  296.350830  0.444336  0.011416
3  5838.781250  101385.4375  36.199951 -0.513672  58.351562  296.560059  0.708008  0.010106
4  5831.660156  101361.6250   7.684326 -1.230469  59.804688  296.018555  0.523438  0.009990

ZG500      0.9912968979976681
PSL        0.006075972390144661
CLT        0.0020001923670252856
UAS        0.0005881165947506
HURS       1.7617231181333358e-05
TAS        1.2751189012976254e-05
VAS        8.45222814027002e-06
HUSS       2.0768440139103746e-12

       HUSS       HURS       VAS        CLT       UAS        ZG500         TAS          PSL
0  0.010988  62.281250  0.991211  15.167236  1.083984  5838.835938  296.348877  101261.1875
1  0.010331  59.046875  1.255859  44.335938 -0.498047  5845.035156  296.523193  101353.0000
2  0.011416  64.593750  0.444336  29.296875  0.048828  5843.378906  296.350830  101366.2500
3  0.010106  58.351562  0.708008  36.199951 -0.513672  5838.781250  296.560059  101385.4375
4  0.009990  59.804688  0.523438   7.684326 -1.230469  5831.660156  296.018555  101361.6250

HUSS       0.9912968979976681
HURS       0.006075972390144654
VAS        0.00200019236702529
CLT        0.0005881165947506017
UAS        1.7617231181333328e-05
ZG500      1.275118901297625e-05
TAS        8.452228140270023e-06
PSL        2.0768440139103782e-12

           PSL       UAS        ZG500       VAS         TAS       HURS      HUSS        CLT
0  101261.1875  1.083984  5838.835938  0.991211  296.348877  62.281250  0.010988  15.167236
1  101353.0000 -0.498047  5845.035156  1.255859  296.523193  59.046875  0.010331  44.335938
2  101366.2500  0.048828  5843.378906  0.444336  296.350830  64.593750  0.011416  29.296875
3  101385.4375 -0.513672  5838.781250  0.708008  296.560059  58.351562  0.010106  36.199951
4  101361.6250 -1.230469  5831.660156  0.523438  296.018555  59.804688  0.009990   7.684326

PSL        0.9912968979976681
UAS        0.00607597239014464
ZG500      0.0020001923670252856
VAS        0.0005881165947505991
TAS        1.7617231181333314e-05
HURS       1.2751189012976273e-05
HUSS       8.452228140270023e-06
CLT        2.0768440139102054e-12

        UAS        CLT          PSL       HURS       VAS        ZG500         TAS      HUSS
0  1.083984  15.167236  101261.1875  62.281250  0.991211  5838.835938  296.348877  0.010988
1 -0.498047  44.335938  101353.0000  59.046875  1.255859  5845.035156  296.523193  0.010331
2  0.048828  29.296875  101366.2500  64.593750  0.444336  5843.378906  296.350830  0.011416
3 -0.513672  36.199951  101385.4375  58.351562  0.708008  5838.781250  296.560059  0.010106
4 -1.230469   7.684326  101361.6250  59.804688  0.523438  5831.660156  296.018555  0.009990

UAS        0.9912968979976681
CLT        0.0060759723901446586
PSL        0.0020001923670252917
HURS       0.0005881165947506005
VAS        1.761723118133335e-05
ZG500      1.2751189012976261e-05
TAS        8.452228140270001e-06
HUSS       2.0768440139103782e-12

        HURS         TAS        CLT        ZG500       VAS       UAS      HUSS          PSL
0  62.281250  296.348877  15.167236  5838.835938  0.991211  1.083984  0.010988  101261.1875
1  59.046875  296.523193  44.335938  5845.035156  1.255859 -0.498047  0.010331  101353.0000
2  64.593750  296.350830  29.296875  5843.378906  0.444336  0.048828  0.011416  101366.2500
3  58.351562  296.560059  36.199951  5838.781250  0.708008 -0.513672  0.010106  101385.4375
4  59.804688  296.018555   7.684326  5831.660156  0.523438 -1.230469  0.009990  101361.6250

HURS       0.9912968979976681
TAS        0.006075972390144651
CLT        0.002000192367025283
ZG500      0.000588116594750599
VAS        1.76172311813336e-05
UAS        1.2751189012976291e-05
HUSS       8.452228140269996e-06
PSL        2.0768440139103205e-12

>>>